0.40189290046692
0.13289403915405
1.2419590950012
1.1287100315094
0.11998796463013
0.3486909866333
0.13089513778687
1.0033221244812
0.27289605140686
0.17236995697021
0.13457202911377
0.13576793670654
0.1775529384613
0.40729188919067
0.14795398712158
0.14053106307983
0.14064002037048
0.13400602340698
0.14574003219604
3.0067420005798
0.16083598136902
0.33983206748962
0.33136010169983
0.12999296188354
0.18590903282166
0.135174036026
0.17245292663574
1.1280109882355
0.15762495994568
0.33264398574829
1.1258780956268
0.13694190979004
0.12357211112976
0.11506795883179
0.12491989135742
0.11223816871643
0.35212206840515
0.13377499580383
2.1479001045227
0.12785291671753
0.12530612945557
1.1866199970245
0.36913299560547
1.1648349761963
0.14388704299927
0.1064920425415
1.1234908103943
0.80108690261841
0.58509397506714
0.5653600692749
0.15690994262695
0.36213302612305
0.61024188995361
1.3684899806976
1.5615739822388
1.6411640644073
0.38008117675781
0.14117383956909
0.31501698493958
1.148010969162
0.14170908927917
0.39071917533875
0.41174006462097
0.58551406860352
0.14960598945618
1.1512660980225
0.34391689300537
0.1784200668335
0.15763401985168
1.173150062561
0.11305689811707
1.1190938949585
0.58376002311707
0.17201590538025
0.38319110870361
1.1780090332031
0.15738201141357
0.35538816452026
0.38693594932556
0.84062600135803
0.33048701286316
0.3817310333252
1.3373868465424
0.39559602737427
0.99731397628784
0.57993412017822
0.12696599960327
0.14379501342773
0.17795705795288
0.38633584976196
0.24799108505249
0.16733002662659
2.3739099502563
2.1808149814606
0.1766471862793
0.37335801124573
1.3869409561157
1.1580078601837
0.12406802177429
0.13534212112427
0.12074685096741
0.16133499145508
0.39548087120056
1.156996011734
0.16190886497498
0.56883096694946
0.16984105110168
0.55422806739807
0.13122987747192
0.13637590408325
0.40679788589478
0.13985991477966
0.19991111755371
0.17530918121338
0.17417788505554
0.37562704086304
0.5935480594635
0.13525104522705
0.17410111427307
1.1658520698547
0.36175298690796
0.17757201194763
0.38318395614624
1.2390699386597
0.38970518112183
0.17335295677185
0.15789103507996
0.32519197463989
0.3573169708252
2.1145100593567
1.1430280208588
2.1719319820404
0.14073419570923
0.16696715354919
0.14362001419067
0.12920093536377
0.20776700973511
0.17545485496521
0.35742211341858
0.97044801712036
1.6113839149475
0.13393211364746
0.54957413673401
0.57201313972473
1.1386730670929
0.35856199264526
0.63152599334717
0.40189814567566
0.20052599906921
0.36570906639099
0.11259412765503
0.32155108451843
1.1697239875793
0.19346904754639
0.16040897369385
0.55934906005859
0.18007588386536
0.19484496116638
1.3517270088196
1.1217548847198
0.14900207519531
0.33541488647461
0.14956402778625
0.13756585121155
0.13305997848511
0.16703796386719
0.40021705627441
1.413810968399
1.3660771846771
0.39202094078064
0.11562609672546
1.1294641494751
1.1228809356689
0.12097191810608
0.13361215591431
0.17550802230835
0.1209499835968
0.34029603004456
0.41324305534363
0.13287591934204
0.37221813201904
1.356437921524
1.1622548103333
0.14731311798096
0.12989592552185
0.7662398815155
2.4434559345245
0.1237199306488
0.14324903488159
0.17234587669373
0.33071899414062
0.12690305709839
0.12803792953491
0.11456799507141
1.1504950523376
0.19180107116699
0.12709522247314
0.14838981628418
0.14644694328308
0.1503791809082
0.17666697502136
1.9644520282745
0.37478804588318
0.14595413208008
1.836226940155
0.14857578277588
0.14072799682617
0.20683693885803
0.36664819717407
0.18604683876038
0.14523005485535
0.19258809089661
1.1311531066895
0.1333019733429
0.13782620429993
0.12437295913696
0.33161187171936
2.1498029232025
0.12943315505981
0.17643404006958
0.13673281669617
0.34663009643555
1.196035861969
0.12797212600708
1.1513741016388
0.1945059299469
0.95487117767334
0.16960692405701
1.3241109848022
1.1462287902832
0.15507006645203
0.33350014686584
0.35377812385559
0.41500687599182
0.17874598503113
0.12437891960144
1.3558261394501
1.1542320251465
0.33982801437378
1.1230452060699
0.32638502120972
0.14031004905701
0.14752912521362
0.8233790397644
0.59883999824524
0.32276701927185
0.15584421157837
1.1234250068665
0.55835390090942
0.12031316757202
0.32027292251587
1.5516920089722
0.12964606285095
1.6403999328613
0.53974390029907
0.18665313720703
0.13773107528687
1.1278212070465
0.13392496109009
0.55445599555969
0.12946200370789
0.14546084403992
0.36381912231445
0.17996311187744
0.14075708389282
0.21860504150391
0.11889982223511
0.13905882835388
1.1473300457001
0.12214398384094
0.14036679267883
0.13876700401306
0.33869099617004
0.38087511062622
0.35899591445923
0.15074992179871
0.13922691345215
0.12617683410645
0.14526796340942
0.10879182815552
0.51357007026672
0.16415309906006
0.34445095062256
4.0026390552521
0.34399700164795
0.12667489051819
0.11113500595093
0.11558794975281
0.13817691802979
2.1855850219727
0.54349088668823
0.12809610366821
0.62924695014954
0.17669200897217
1.6144120693207
2.3912620544434
0.1579418182373
0.1451621055603
0.45559597015381
0.3293719291687
0.14907288551331
0.14418387413025
1.133113861084
0.15479898452759
0.35818696022034
4.0049161911011
0.34919691085815
0.19176506996155
0.37803912162781
0.13452696800232
0.13195013999939
1.1292080879211
0.14161396026611
1.5883190631866
0.57339000701904
0.23297095298767
0.14491319656372
0.14571213722229
0.36790490150452
0.34303903579712
0.13598012924194
0.12528800964355
0.14549899101257
0.10823512077332
0.21810793876648
0.13224196434021
0.1584780216217
2.1277670860291
1.3375179767609
0.13585901260376
0.24179911613464
0.54933404922485
1.2321898937225
0.19961309432983
0.34790086746216
0.13114094734192
0.13444209098816
0.14596104621887
0.14037394523621
0.52536582946777
0.12485289573669
0.12598395347595
0.14445996284485
3.5253801345825
0.16487598419189
0.36937403678894
0.20279717445374
0.16242694854736
3.0077970027924
1.141429901123
0.13415312767029
0.11447381973267
0.35328602790833
0.24844288825989
0.13681817054749
0.13391208648682
0.13146996498108
0.1479709148407
3.0090119838715
0.20141506195068
0.11927604675293
0.71043014526367
0.15238785743713
1.1771919727325
1.1164350509644
0.34685206413269
0.19574189186096
0.14211511611938
0.98333597183228
0.34551596641541
0.17327213287354
2.1762928962708
0.11813998222351
1.2501661777496
1.1337628364563
0.15360498428345
1.3513200283051
1.3496408462524
0.14903712272644
0.33134508132935
0.12735795974731
0.33988690376282
0.12298011779785
0.1145920753479
0.13522601127625
0.36753797531128
0.14460277557373
0.33250904083252
0.37594389915466
0.13216614723206
0.34861993789673
0.13652801513672
0.18579697608948
1.245728969574
0.3266749382019
1.1564249992371
0.17585682868958
0.34331297874451
0.15717697143555
0.35637617111206
0.124107837677
0.17362499237061
0.14350986480713
0.12775802612305
0.11793112754822
0.13639283180237
1.1623520851135
3.0080740451813
0.39741897583008
0.56605887413025
0.14012694358826
1.1655080318451
0.34558796882629
0.12430095672607
0.36480188369751
0.37173795700073
0.44952988624573
0.11249303817749
0.150151014328
0.15512490272522
0.33561611175537
0.33295583724976
0.10668206214905
1.1741468906403
0.14545106887817
0.13490700721741
0.41527104377747
0.53862810134888
0.14313101768494
0.13027691841125
0.18426489830017
0.18981909751892
0.15453791618347
0.15786910057068
0.13895487785339
0.23509287834167
0.18439698219299
0.11889100074768
0.38974404335022
1.1537449359894
0.13692593574524
0.13378095626831
0.13584804534912
0.12854409217834
0.13836407661438
0.19019293785095
0.12216901779175
0.1698260307312
0.12458515167236
1.604504108429
0.3415150642395
2.0562539100647
0.14471292495728
0.14215993881226
0.34097695350647
1.3629031181335
0.12435102462769
0.55631685256958
2.1826589107513
0.13516187667847
0.15295505523682
1.345263004303
0.34214091300964
0.32876706123352
0.1410059928894
0.13998699188232
0.13842511177063
0.12823915481567
0.12412786483765
0.14307999610901
0.12116503715515
0.14096784591675
0.13637018203735
2.3502390384674
0.33633995056152
0.41126394271851
0.13063883781433
0.11280798912048
0.14765691757202
0.15655183792114
1.1309521198273
0.13642406463623
0.2970118522644
0.14438605308533
0.13783311843872
0.2546980381012
0.18684196472168
0.13505411148071
0.13752794265747
0.16998410224915
0.11681199073792
0.11741781234741
1.1486668586731
0.13291597366333
0.11917805671692
0.11429190635681
1.1396720409393
0.1100640296936
0.56679606437683
0.14112901687622
0.17014098167419
0.11919784545898
0.12713694572449
0.12179398536682
0.12675094604492
0.11927199363708
0.11586213111877
0.339674949646
0.13500905036926
0.17367100715637
0.18293213844299
0.12124514579773
0.11212611198425
0.13237380981445
0.16137599945068
0.18278002738953
0.11471319198608
0.12782001495361
0.13816094398499
0.13625502586365
0.12491297721863
0.22547912597656
0.11464500427246
0.14127087593079
0.1235830783844
1.1719069480896
0.13997888565063
0.12189102172852
0.13472104072571
0.10819292068481
0.15676808357239
0.34627604484558
0.14812517166138
0.17174196243286
1.138946056366
0.17938899993896
0.12941193580627
0.16913509368896
0.17631793022156
0.1366970539093
0.16710495948792
0.16337895393372
0.17901086807251
0.21878695487976
0.18877792358398
0.15337204933167
0.15872406959534
0.19171690940857
0.38973379135132
0.14481592178345
0.18150401115417
0.17789888381958
0.15344309806824
0.1480278968811
0.3933961391449
0.35784411430359
0.41781711578369
0.14302206039429
0.44152498245239
0.1638400554657
0.36003708839417
0.44834017753601
0.14802098274231
0.35196709632874
0.16137194633484
0.18572592735291
0.16043305397034
0.38366103172302
0.17830920219421
1.1565849781036
0.36258292198181
0.13526701927185
0.15240120887756
0.14544606208801
0.13539910316467
0.17927193641663
1.1681709289551
0.32351398468018
0.3511688709259
0.35665893554688
0.37366485595703
0.19013118743896
0.14622902870178
0.16288590431213
0.15000987052917
0.26642107963562
0.29372787475586
0.31742811203003
3.9201819896698
0.17742896080017
0.16030311584473
0.19924712181091
0.15248703956604
0.15426111221313
0.1601390838623
0.14072799682617
0.26858496665955
0.14079999923706
1.1588799953461
0.42627811431885
0.17194509506226
1.1914510726929
0.37790608406067
0.17303109169006
0.17578411102295
0.13228511810303
0.18074798583984
0.20847606658936
0.14485883712769
0.40193009376526
1.0349209308624
0.14608001708984
0.18674182891846
0.16871500015259
0.1347119808197
0.13618516921997
0.16946482658386
0.19713282585144
0.15776705741882
0.26152014732361
1.7423820495605
0.43581604957581
0.39652109146118
0.405198097229
0.3690299987793
0.39151501655579
0.55699706077576
0.34805393218994
0.37099289894104
0.35060501098633
0.49857306480408
1.0499801635742
0.57883787155151
0.64293694496155
0.36641621589661
0.49454188346863
0.53336906433105
0.34681797027588
0.34770607948303
0.3453221321106
0.37895894050598
0.35486006736755
0.42640805244446
0.13778686523438
0.14688181877136
0.1767749786377
0.16883087158203
0.38156795501709
0.16496396064758
0.13367295265198
1.4687299728394
0.3619430065155
0.19391918182373
0.15247297286987
0.21140003204346
0.17904496192932
0.15801501274109
0.17166781425476
0.16703796386719
0.39612698554993
0.19898414611816
0.19196581840515
0.19347596168518
0.20564103126526
0.37740993499756
0.14770889282227
1.1692759990692
1.1520888805389
0.18264079093933
0.13602495193481
0.16946315765381
0.37825918197632
0.18537592887878
0.22106409072876
1.1629710197449
0.37408685684204
1.3543848991394
0.14412307739258
1.5603420734406
0.77958393096924
0.84092593193054
2.3785769939423
0.16090297698975
0.14439296722412
0.18014597892761
0.1568660736084
0.19015908241272
0.13651490211487
0.21256995201111
0.1677098274231
0.15460610389709
0.3476231098175
0.15869998931885
0.16704821586609
0.20116496086121
0.13270807266235
0.18941807746887
0.15108680725098
0.14009809494019
0.17283320426941
0.22610998153687
0.1487250328064
0.17210602760315
0.16704392433167
0.17179298400879
0.1558849811554
0.15074682235718
0.1851589679718
0.26176190376282
0.1782329082489
0.16123104095459
0.2132511138916
0.1585590839386
0.23140597343445
0.1411349773407
0.18684196472168
0.17277407646179
1.1569690704346
0.1390597820282
0.16208004951477
0.15982103347778
0.38590002059937
1.1686129570007
0.15723705291748
0.14504504203796
0.19252014160156
0.20221900939941
0.16543412208557
0.17973184585571
0.21311902999878
0.15971899032593
0.1736011505127
0.37279891967773
0.13709616661072
0.14598608016968
0.14719605445862
0.17198204994202
0.14562916755676
0.17401695251465
0.16041421890259
1.1771948337555
0.20501303672791
0.17314910888672
0.42903900146484
0.1352322101593
0.15222096443176
0.3546199798584
0.16370892524719
0.15183901786804
0.61139297485352
0.17701411247253
0.15785002708435
0.14599204063416
0.14251184463501
0.66569495201111
0.15520787239075
0.17412900924683
0.17136907577515
0.21485090255737
0.35075902938843
0.16124987602234
0.14599299430847
0.14818692207336
0.18231105804443
0.18669319152832
0.22248506546021
0.17091989517212
1.1647238731384
0.14541816711426
0.15679287910461
0.13726186752319
0.16981983184814
0.13723492622375
0.18807506561279
0.4105269908905
0.1622519493103
0.13702511787415
0.17806601524353
0.14240598678589
0.15582203865051
0.1927649974823
1.1500010490417
0.19911479949951
0.1822030544281
0.16080617904663
1.1936748027802
0.16066312789917
0.34678983688354
0.1774959564209
0.17537188529968
0.1814181804657
0.17857313156128
0.15544605255127
0.14553594589233
0.18844294548035
0.23417186737061
0.20229005813599
0.18647408485413
0.16184902191162
0.18744111061096
1.350949048996
0.21012687683105
0.16259908676147
0.11131620407104
0.14218306541443
0.15191578865051
0.13783192634583
0.15110397338867
0.17267489433289
0.12812995910645
0.14820098876953
0.15137696266174
0.14988398551941
0.15251016616821
1.151731967926
0.16333699226379
0.14788389205933
0.25967288017273
0.18180799484253
0.16351294517517
0.18786787986755
0.14657998085022
0.63364601135254
0.1665620803833
0.15740203857422
0.14245390892029
0.12452697753906
0.13813900947571
0.20267796516418
0.16502690315247
0.15052485466003
0.15010690689087
0.22420811653137
0.15433192253113
0.15265893936157
0.13707804679871
0.14292693138123
0.15074491500854
0.18027496337891
0.17583203315735
0.14771914482117
0.59859418869019
0.15764498710632
0.14729499816895
0.23399996757507
0.24253082275391
0.15816903114319
0.13867282867432
0.151211977005
0.10938906669617
0.39780497550964
0.18049502372742
0.19030904769897
0.14323210716248
0.18984198570251
0.20841813087463
0.13072180747986
0.16527819633484
1.178288936615
0.18347311019897
1.1581587791443
1.1500990390778
0.17042803764343
0.14618992805481
0.15244197845459
0.17035579681396
0.13901400566101
0.19795179367065
0.2954089641571
0.14988112449646
0.32336902618408
0.11585092544556
0.25462102890015
0.38720202445984
0.47694492340088
0.182785987854
0.14603686332703
0.18231797218323
0.1440601348877
0.15246295928955
0.16158604621887
2.1894388198853
0.15480208396912
0.38588190078735
0.14002895355225
0.17775893211365
0.17829585075378
0.19602608680725
0.24920105934143
0.3729100227356
0.16421103477478
0.39152812957764
0.17028784751892
0.35601997375488
0.34701204299927
0.17247486114502
0.20208597183228
0.16694402694702
0.15840291976929
0.15542793273926
0.14178705215454
0.56349205970764
0.15674996376038
0.17314100265503
0.15891695022583
0.3999171257019
0.15013194084167
0.18295192718506
0.17667984962463
0.1846010684967
0.16215491294861
0.20023989677429
0.17718505859375
0.39710998535156
0.16722393035889
0.40304684638977
0.14925599098206
0.20384788513184
0.17660689353943
0.1783561706543
0.17592787742615
0.3781521320343
0.17661094665527
1.1718370914459
0.15458297729492
1.159658908844
0.16196799278259
0.45720887184143
0.17351007461548
0.17751502990723
0.37241411209106
0.20988893508911
0.16462516784668
0.43193101882935
0.16520595550537
1.1912479400635
1.2002329826355
0.15909600257874
0.17850184440613
0.18312287330627
0.25063800811768
0.17857098579407
0.41302585601807
0.435870885849
1.1742849349976
0.36402297019958
0.37799286842346
0.1510899066925
0.1556351184845
0.16464614868164
0.17101097106934
0.2492949962616
0.38026189804077
0.17976403236389
0.14029598236084
0.15286087989807
0.21619296073914
0.20232319831848
0.17438507080078
0.16326212882996
0.15911483764648
0.19082593917847
0.19086909294128
0.1628270149231
0.39775586128235
0.18287491798401
0.18439698219299
0.82772612571716
1.4581859111786
0.36649799346924
1.1833770275116
1.2815229892731
0.1376838684082
0.34831404685974
1.1867940425873
0.17779397964478
0.18392109870911
0.14457297325134
0.15292906761169
0.14486885070801
0.14087009429932
0.13648986816406
0.16588687896729
0.18177390098572
0.15265893936157
0.35994982719421
0.84529209136963
0.14239692687988
0.16943287849426
0.1569459438324
0.14575409889221
0.17434406280518
0.16994309425354
0.1496639251709
0.17131805419922
0.19038510322571
0.13436913490295
0.15943598747253
1.1639161109924
2.3549430370331
0.4387469291687
0.24071192741394
0.15145182609558
0.1650869846344
1.1796050071716
1.4702529907227
0.19497108459473
0.18389105796814
0.15543699264526
0.1344211101532
0.1799750328064
0.15428996086121
0.21029782295227
1.1546628475189
0.21787095069885
0.14689588546753
1.1896159648895
0.22300291061401
0.15371704101562
0.18855285644531
0.20782399177551
0.16365385055542
0.16983413696289
0.17340707778931
0.23111414909363
0.17653393745422
1.3601951599121
0.13803005218506
0.16062998771667
0.16258907318115
1.2004640102386
0.14196300506592
0.3795850276947
0.47000288963318
0.15727996826172
0.1585750579834
0.34099316596985
0.17029905319214
1.2028489112854
0.42414903640747
0.4269061088562
0.20157694816589
1.1726500988007
0.13738799095154
1.1431300640106
2.1927239894867
0.38156890869141
0.18643593788147
0.33790302276611
0.37061500549316
0.11794185638428
0.15768218040466
1.3195731639862
0.36289501190186
0.34296488761902
0.12452387809753
0.32884812355042
0.55895400047302
0.12606000900269
0.34684085845947
0.96502995491028
0.13170409202576
4.0053679943085
0.57882499694824
0.9950270652771
0.15314316749573
1.6008508205414
0.34236288070679
0.14043307304382
0.16441011428833
0.33478379249573
1.1627950668335
0.16466999053955
0.1361780166626
1.1343238353729
0.11898612976074
0.16181397438049
0.3446409702301
0.18045115470886
0.60074520111084
0.21560597419739
1.1807849407196
0.98714590072632
2.6136801242828
0.38558793067932
0.38119697570801
0.56093502044678
0.17665505409241
1.5777809619904
0.14496517181396
0.32829689979553
0.13109612464905
0.13517785072327
0.17348790168762
0.13411808013916
1.1810920238495
0.3681800365448
0.37174510955811
2.2074339389801
0.16527009010315
0.47486805915833
0.3285539150238
0.81925678253174
0.57914900779724
0.15306711196899
0.35332489013672
0.14871287345886
0.37361788749695
0.76326012611389
0.79672002792358
0.39083409309387
1.0760018825531
0.56338214874268
0.41553688049316
0.17172813415527
0.14683890342712
1.846617937088
0.36389589309692
1.1260359287262
0.15969800949097
1.3745369911194
0.37667202949524
0.99102401733398
0.36951017379761
0.12641620635986
0.37393403053284
0.9708890914917
1.1783499717712
0.19501185417175
0.16567587852478
0.77669906616211
1.8594648838043
0.35391616821289
0.17864990234375
0.12667918205261
0.36750793457031
2.5557351112366
0.32748699188232
1.6031839847565
4.0060091018677
0.21587800979614
0.38111209869385
0.13263392448425
1.5672190189362
1.1414649486542
0.13745594024658
0.36154508590698
1.6142530441284
0.35411787033081
0.36444902420044
0.12628388404846
1.6259739398956
0.17950892448425
0.34832501411438
1.547632932663
0.14025497436523
0.36946296691895
4.0061991214752
0.18513894081116
0.12417793273926
0.12502598762512
0.55241894721985
0.54774308204651
0.5529191493988
0.12850308418274
1.371474981308
0.14161515235901
0.14237713813782
0.2060558795929
0.16482305526733
0.43297791481018
0.35619497299194
0.31447911262512
1.7922620773315
0.24025988578796
0.23937201499939
0.14296078681946
1.3575279712677
2.1320650577545
1.1530158519745
2.1994400024414
1.3369779586792
1.1610968112946
1.1120638847351
1.12926197052
0.16115593910217
0.13257193565369
0.55455708503723
3.0082080364227
1.3569161891937
1.3288669586182
2.1986911296844
0.120924949646
1.359347820282
0.15613317489624
0.19272708892822
1.1564948558807
0.38586378097534
0.82376217842102
0.31986808776855
0.21979713439941
0.11702013015747
0.12881302833557
0.12872195243835
0.12290287017822
1.1281080245972
0.17166590690613
2.1279559135437
1.1399540901184
2.5523879528046
0.11386704444885
0.32480216026306
4.0055720806122
3.0052361488342
0.18297505378723
0.32546806335449
0.97597098350525
2.5773410797119
0.13116002082825
0.3701319694519
0.34594798088074
0.13212704658508
1.7962000370026
0.11649990081787
1.1704890727997
1.2029619216919
0.39732909202576
0.15787506103516
0.11126399040222
0.77289295196533
0.58720588684082
0.17007899284363
1.5279309749603
0.32558298110962
0.10423302650452
0.31965494155884
0.1106481552124
1.3313808441162
0.11726498603821
1.8598690032959
0.15632390975952
0.79816198348999
0.12462520599365
1.3493909835815
3.0044350624084
0.17441082000732
0.13559699058533
4.0015888214111
0.32906293869019
0.39241123199463
0.13301205635071
1.5952999591827
1.2227520942688
1.1348149776459
0.11196804046631
2.1247980594635
0.3606059551239
0.16796398162842
1.1470789909363
0.32741498947144
0.21762108802795
0.61959600448608
1.3394758701324
2.317430973053
1.1236507892609
0.62163901329041
1.7613019943237
0.11855292320251
0.94903206825256
1.3450050354004
0.11802411079407
0.57657098770142
0.32067584991455
2.3362119197845
0.11997008323669
0.16579294204712
0.31163597106934
0.33196902275085
2.3267719745636
0.37370777130127
0.9500138759613
2.0066919326782
0.34023094177246
0.34462594985962
1.1210000514984
1.1097841262817
3.00501704216
1.5435161590576
0.53510880470276
1.1023468971252
0.10590696334839
0.76434588432312
0.12723612785339
3.2845780849457
1.5590190887451
0.34868407249451
1.1707899570465
0.18855500221252
0.16559100151062
0.34009790420532
2.140191078186
1.1472458839417
0.34463500976562
0.33819913864136
0.32283115386963
0.55216193199158
0.5337860584259
4.0041081905365
0.10300087928772
2.1477460861206
0.79705500602722
2.1149878501892
1.5449910163879
0.16938781738281
0.1303539276123
0.14357805252075
0.12911796569824
0.14074897766113
1.3408150672913
0.36488914489746
0.38484287261963
0.20840811729431
0.11612296104431
0.16107296943665
0.13558888435364
0.12699413299561
1.1481559276581
4.0060179233551
0.56933784484863
0.13445997238159
0.16305899620056
0.13121914863586
0.34596991539001
0.36612296104431
0.23259997367859
0.3468930721283
0.12548494338989
0.15320801734924
0.11862182617188
0.37479209899902
0.1847779750824
0.14398694038391
0.27183604240417
0.20539498329163
1.1969411373138
0.12538194656372
2.2034599781036
2.1716389656067
0.33460807800293
2.119334936142
0.1284019947052
0.41259503364563
0.3623788356781
0.099791049957275
1.3569819927216
0.12368702888489
0.19271492958069
0.37505698204041
1.3275411128998
0.34368491172791
0.35438299179077
0.36598992347717
0.18966197967529
0.34911203384399
0.18084502220154
0.17243599891663
1.1281259059906
0.34313297271729
0.13697290420532
1.3432869911194
0.13811612129211
0.33928394317627
0.12326002120972
1.1321039199829
0.32379388809204
0.33019304275513
0.11068677902222
0.98636698722839
0.116614818573
0.17023396492004
0.14651203155518
0.18046092987061
0.10851097106934
0.13120603561401
0.10609197616577
0.11376404762268
0.13582396507263
0.11415410041809
0.12734985351562
0.1745879650116
0.13208198547363
0.12266993522644
0.12315702438354
0.11675906181335
0.12634587287903
0.11939001083374
0.18400502204895
0.13315415382385
0.11678004264832
0.13562202453613
0.12842106819153
0.17435097694397
0.12291812896729
0.13873600959778
0.4998619556427
0.12842988967896
0.1394248008728
0.12950086593628
0.12103891372681
0.12578201293945
0.12556886672974
0.12936997413635
0.11315989494324
0.12366199493408
0.12122797966003
0.13416314125061
0.13634490966797
0.13223695755005
0.18094301223755
0.13097381591797
0.10589599609375
0.11111497879028
0.13377404212952
0.12566900253296
0.15131592750549
0.13340091705322
0.11725401878357
0.13459777832031
0.12181997299194
0.12604379653931
0.1362738609314
0.13484787940979
0.15227293968201
0.15961289405823
0.12549710273743
0.11985397338867
0.12425518035889
0.12354016304016
0.12135314941406
0.12940001487732
0.12579703330994
0.15948486328125
0.13205790519714
0.17813801765442
0.11517000198364
0.1324450969696
0.13142800331116
0.16654300689697
0.12417888641357
0.13576912879944
0.1267101764679
0.16045308113098
0.12821006774902
0.12285590171814
0.11748886108398
0.13657188415527
0.13242483139038
0.1272451877594
0.12112617492676
0.13729906082153
0.13862419128418
0.14349317550659
0.18242406845093
0.10980296134949
0.11899399757385
0.12111115455627
0.17413902282715
0.10915112495422
0.13079500198364
0.14537405967712
0.14925694465637
0.13327503204346
0.10962891578674
0.18485999107361
0.12220811843872
0.12499594688416
0.12948417663574
0.1233549118042
0.14386701583862
0.1284031867981
0.11575484275818
0.1302490234375
0.12088894844055
0.11605000495911
0.12575197219849
0.13781499862671
0.12237310409546
0.14215111732483
0.12909889221191
0.1431770324707
0.1236560344696
0.12659311294556
0.12680506706238
0.12630391120911
0.12298893928528
0.1290111541748
0.14448213577271
0.13422894477844
0.1220178604126
0.13893890380859
0.13820910453796
0.12169289588928
0.14303088188171
0.12930798530579
0.1331901550293
0.12460398674011
0.18500399589539
0.12171506881714
0.17986416816711
0.1264979839325
0.16802287101746
0.13022398948669
0.12132811546326
0.11354899406433
0.12212586402893
0.1329870223999
0.19248199462891
0.13730692863464
0.11883306503296
0.12314891815186
0.12176704406738
0.12003016471863
0.12965798377991
0.12353897094727
0.12939810752869
0.13788795471191
0.1362681388855
0.17910408973694
0.18171000480652
0.13518190383911
0.14098405838013
0.13541078567505
0.1183021068573
0.12523198127747
0.14572596549988
0.13956212997437
0.1224958896637
0.12137508392334
0.13983488082886
0.12369704246521
0.12462687492371
0.14067602157593
0.12970304489136
0.12957191467285
0.13163018226624
0.12453103065491
0.12343215942383
0.13437795639038
0.13484406471252
0.13467884063721
0.12344002723694
0.153480052948
0.12008810043335
0.12615990638733
0.11693406105042
0.13404107093811
0.11871600151062
0.14316391944885
0.12814402580261
0.11901903152466
0.15454006195068
0.14674806594849
0.11489582061768
0.11706805229187
0.12663578987122
0.130206823349
0.12700510025024
0.12133884429932
0.12492799758911
0.12422490119934
0.16667485237122
0.11453819274902
0.13022494316101
0.1350519657135
0.12807703018188
0.19067716598511
0.11446690559387
0.12493991851807
0.10748600959778
0.12084102630615
0.12122797966003
0.12985682487488
0.12410092353821
0.2700469493866
0.1383810043335
0.14609503746033
0.11315202713013
0.19211792945862
0.12917709350586
0.1424560546875
0.11967086791992
0.11295914649963
0.10613393783569
0.13208484649658
0.12989187240601
0.12762379646301
0.12849617004395
0.12638211250305
0.12509393692017
0.14607000350952
0.1315541267395
0.14981698989868
0.12364101409912
0.12528610229492
0.14971899986267
0.12585020065308
0.12765216827393
0.12875890731812
0.12854790687561
0.13200616836548
0.12800002098083
0.12082004547119
0.14415788650513
0.12277102470398
0.13094997406006
0.14033198356628
0.12624597549438
0.11917591094971
0.11479687690735
0.14138984680176
0.31031894683838
0.12345099449158
0.11548399925232
0.12128710746765
0.12063503265381
0.12450909614563
0.16510701179504
0.12641406059265
0.12333202362061
0.12289786338806
0.1209819316864
0.13351511955261
0.15232396125793
0.11774206161499
0.12848615646362
0.12733602523804
0.12419509887695
0.11351490020752
0.11923098564148
0.11052203178406
0.1315610408783
0.12354898452759
0.11534190177917
0.12244081497192
0.12395477294922
4.0036900043488
0.17699098587036
0.12502288818359
0.11870312690735
0.10779404640198
0.11334490776062
0.17169189453125
0.1241660118103
0.11275315284729
0.12261009216309
0.10744595527649
0.11938118934631
0.13050198554993
0.12303519248962
0.13788986206055
0.12559199333191
0.13815712928772
0.1223258972168
0.12260413169861
0.12318110466003
0.11182403564453
0.1238911151886
0.1192409992218
0.16608214378357
0.12233996391296
0.1588819026947
0.18092799186707
0.11601805686951
0.13418889045715
0.13268494606018
0.11827611923218
0.1175971031189
0.10827302932739
0.12796306610107
0.13986206054688
0.13045191764832
0.12158203125
0.12276291847229
0.1368579864502
0.12103199958801
0.11686897277832
0.12661600112915
0.12764191627502
0.11662411689758
0.11368584632874
0.11885094642639
0.16261100769043
0.13613700866699
0.12426805496216
0.12258505821228
0.13022208213806
0.18882989883423
0.11866998672485
0.12465691566467
0.12105894088745
0.12366199493408
0.1173050403595
0.12689089775085
0.12801194190979
0.16728496551514
0.11345314979553
0.12410593032837
0.11483907699585
0.1251060962677
0.13017892837524
0.10888004302979
0.11724281311035
0.10878992080688
0.10580587387085
0.12207007408142
0.11684107780457
0.32898116111755
0.11600303649902
0.12200903892517
0.12588500976562
0.12179613113403
0.12479186058044
0.10482001304626
0.12062692642212
0.1121621131897
0.16640591621399
0.22397398948669
0.12879991531372
0.10622000694275
0.13246512413025
0.11425304412842
0.12808513641357
0.12605404853821
0.15323185920715
0.11334681510925
0.11843204498291
0.12972807884216
0.12048411369324
0.12661814689636
0.11742186546326
0.12145400047302
0.10084414482117
0.11938405036926
0.12207293510437
0.13410687446594
0.13037896156311
0.17756009101868
0.12974810600281
0.11993193626404
0.12665605545044
0.14212489128113
0.10612297058105
0.12286615371704
0.12967085838318
0.12377405166626
0.14400601387024
0.11965608596802
0.11220097541809
0.17114090919495
0.12166905403137
0.11916089057922
0.11954712867737
0.16440391540527
0.1136360168457
0.11379289627075
0.12288904190063
0.11668801307678
0.12685513496399
0.11415314674377
0.15728306770325
0.11489415168762
0.12057995796204
0.11519980430603
0.16500401496887
0.1234118938446
0.12108397483826
0.13884592056274
0.11491084098816
0.18097901344299
0.16356992721558
0.12695002555847
0.12449193000793
0.11873197555542
0.12669610977173
0.13014101982117
0.12061285972595
0.13652205467224
0.14400196075439
0.11656594276428
0.12459492683411
0.11738514900208
0.11970591545105
0.12990093231201
0.12842702865601
0.11351180076599
0.11181688308716
0.11336493492126
0.12163591384888
0.17700791358948
0.17880201339722
0.14476895332336
0.11005210876465
0.10665917396545
0.17154002189636
0.12082600593567
0.34446883201599
0.11890983581543
0.13432908058167
0.1262481212616
0.12953305244446
0.12156009674072
0.12140703201294
0.11842513084412
0.11744403839111
0.12406897544861
0.13082098960876
0.12246990203857
0.12181496620178
0.12037205696106
4.0025460720062
0.17120909690857
0.11351203918457
0.13135004043579
0.12263417243958
0.12283682823181
0.12900900840759
0.12339997291565
0.11480689048767
0.12101793289185
0.12524318695068
0.1187629699707
0.12638711929321
0.12557888031006
0.12771916389465
0.10867309570312
0.12420010566711
0.15345191955566
0.26143598556519
0.127681016922
0.13217401504517
0.12035703659058
0.11050391197205
0.16774487495422
0.12256217002869
0.12951397895813
0.11699819564819
0.12143206596375
0.12257790565491
0.11597990989685
0.11212801933289
0.10337090492249
0.12829303741455
0.11901998519897
0.1314959526062
0.13582897186279
0.13051295280457
0.12001204490662
0.12062096595764
0.10777688026428
0.11034893989563
0.13451504707336
4.0026369094849
0.13990497589111
0.17862892150879
0.11927390098572
0.12248277664185
0.13132190704346
0.14451599121094
0.10610294342041
0.11858987808228
0.1206419467926
0.12454891204834
0.14082288742065
0.12441396713257
0.13452386856079
0.13105201721191
0.14648818969727
0.12443804740906
0.15518188476562
0.1086540222168
0.12139987945557
0.12288689613342
0.12416100502014
0.12546801567078
0.14131879806519
0.1218888759613
0.12041115760803
0.10722804069519
0.12415599822998
0.12139582633972
0.13306403160095
0.12107515335083
0.11980390548706
0.12886309623718
0.1260621547699
0.12331295013428
0.16204500198364
0.24853110313416
0.10733485221863
0.12206411361694
0.12144708633423
0.1266930103302
0.12508392333984
0.11888384819031
0.14779210090637
0.17874789237976
0.13227009773254
0.11727690696716
0.11690306663513
0.12043595314026
0.13182187080383
0.11992597579956
0.11629509925842
0.12115502357483
0.11922597885132
0.11720895767212
0.13565993309021
0.12077808380127
0.12451195716858
0.15093517303467
0.12016320228577
0.13724684715271
0.12669205665588
0.12072706222534
0.16991877555847
0.11876010894775
0.1637909412384
0.11996293067932
0.17553997039795
0.12967300415039
0.13286304473877
0.12958908081055
0.13211011886597
0.11978697776794
0.11548805236816
0.12325406074524
0.12006688117981
0.13312387466431
0.13112998008728
0.13131308555603
0.12313294410706
0.12469005584717
0.11895895004272
0.1106960773468
0.12123799324036
0.11713981628418
0.12638401985168
0.13083720207214
0.12326097488403
0.12249684333801
0.12236499786377
0.16951203346252
0.18096399307251
0.12084197998047
0.12217807769775
0.12172293663025
0.10812902450562
0.12384080886841
0.11119198799133
0.1225950717926
0.22464513778687
0.11954808235168
0.11059999465942
0.12883114814758
0.11717796325684
0.12047910690308
0.11626386642456
0.1069610118866
0.12249517440796
0.12440800666809
0.17820906639099
0.15074801445007
0.11093211174011
0.13527894020081
0.12281489372253
0.12171387672424
0.12757515907288
0.12824296951294
0.1280210018158
0.12023115158081
0.123948097229
0.1274311542511
0.13107395172119
0.11319303512573
0.12002801895142
0.17078614234924
0.12493109703064
0.13932394981384
0.11964297294617
0.1195080280304
0.1813690662384
0.1382749080658
0.13015007972717
0.12634205818176
0.11715817451477
0.12774205207825
0.12526607513428
0.12186694145203
0.11881017684937
0.11580920219421
0.1909601688385
0.11012697219849
0.13016104698181
0.11902213096619
0.11481404304504
0.11045408248901
0.10900807380676
0.12699794769287
0.11860299110413
0.12870192527771
0.12601494789124
0.1195240020752
0.11632108688354
0.13744497299194
0.12018394470215
0.1445038318634
0.14300608634949
0.12788391113281
0.10192799568176
0.14852499961853
0.12955212593079
0.1210789680481
0.1407790184021
0.12593913078308
0.10771703720093
0.13772320747375
0.1203408241272
0.12436199188232
0.16654086112976
0.12442398071289
0.12240099906921
0.11931490898132
0.16822791099548
0.10547780990601
0.11998081207275
0.10359597206116
0.12823987007141
0.1237211227417
0.1308479309082
0.1148669719696
0.10483813285828
0.12646579742432
0.12848401069641
0.17307496070862
0.13837289810181
0.12594485282898
0.15005493164062
0.12798094749451
0.13217306137085
0.11905789375305
0.11167812347412
0.10271906852722
0.11900305747986
0.12291097640991
0.11991810798645
0.11463117599487
0.13499808311462
0.12958097457886
0.12866687774658
0.1196870803833
0.12149310112
0.12569403648376
0.1230640411377
0.1332221031189
0.11461496353149
0.12087798118591
0.12360000610352
0.13716983795166
0.13324189186096
0.18859696388245
0.19959712028503
0.142657995224
0.12888598442078
0.1293830871582
0.11491298675537
0.13081502914429
0.12488889694214
0.17536187171936
0.12879204750061
0.12180495262146
0.12513303756714
0.13767099380493
0.1446418762207
0.11055302619934
0.12430596351624
0.12145781517029
0.16137218475342
0.11506795883179
0.16595005989075
0.1241819858551
0.13062405586243
0.11640000343323
0.12591695785522
0.14527678489685
0.12739181518555
0.11163306236267
0.11531496047974
0.11468696594238
0.1133439540863
0.13764595985413
0.15597105026245
0.11739492416382
0.10804486274719
0.1296980381012
0.16979193687439
0.1056010723114
0.16584396362305
0.12229299545288
0.12721300125122
0.10972380638123
0.12480998039246
0.11996078491211
0.11615180969238
0.14082312583923
0.20286989212036
0.12751293182373
0.11718606948853
0.15429592132568
0.11919903755188
0.11638808250427
0.1077778339386
0.11904001235962
0.12633109092712
0.11760091781616
0.1119658946991
0.12776398658752
0.1098370552063
0.11559915542603
0.14315009117126
0.1274299621582
0.11446094512939
0.11643981933594
0.11587405204773
0.17829298973083
0.11190891265869
0.15476202964783
0.12604308128357
0.12825202941895
0.12341117858887
0.17008686065674
0.13183903694153
0.11842894554138
0.11397004127502
0.13712477684021
0.12613797187805
0.1093590259552
0.10834884643555
0.16790103912354
0.17206287384033
0.16812896728516
0.11058306694031
0.1258430480957
0.12936782836914
0.17274308204651
0.16379308700562
0.11696004867554
0.13959980010986
0.11615419387817
0.12039113044739
0.11621689796448
0.11989903450012
0.1969301700592
0.16663002967834
0.19347786903381
0.1732451915741
0.17169880867004
0.15638208389282
0.16759300231934
0.17765307426453
0.16296315193176
0.15284895896912
0.16906404495239
0.16608691215515
0.19085311889648
0.16107296943665
0.15225696563721
0.1515851020813
0.17697906494141
0.15374398231506
0.17850279808044
0.19916009902954
0.18314003944397
1.1573419570923
0.17467403411865
0.15376305580139
0.15588402748108
0.16838383674622
0.17272305488586
0.16996216773987
0.18395614624023
0.1562659740448
0.1838710308075
0.16692399978638
0.17035007476807
0.18824100494385
0.16772198677063
0.15496206283569
0.17526507377625
0.17098903656006
0.47558093070984
0.17043900489807
0.17469310760498
0.17118096351624
0.1685779094696
0.17112898826599
0.17195296287537
0.16442799568176
0.15625715255737
0.17624402046204
0.16957807540894
0.16258907318115
0.17592096328735
0.16038990020752
0.18005514144897
0.18663501739502
0.16486692428589
0.16696095466614
0.17721199989319
0.18018507957458
0.47360992431641
0.16800022125244
0.16717386245728
0.17010617256165
0.16978979110718
0.18727707862854
0.19354009628296
0.18913698196411
0.16695809364319
0.19842314720154
0.16832900047302
0.15915203094482
0.16186594963074
0.18099904060364
0.16720509529114
0.15877509117126
0.17482399940491
0.17486095428467
0.17003583908081
0.15583801269531
0.16908502578735
0.16996288299561
0.16441822052002
0.17952108383179
0.17399501800537
0.17266201972961
0.1672899723053
0.20330309867859
0.17190790176392
0.17232704162598
0.18166208267212
0.17245197296143
0.18258690834045
0.17733192443848
0.17289686203003
0.15737795829773
0.16785597801208
0.15940189361572
0.155198097229
0.17225193977356
0.17530393600464
0.20102596282959
0.16091704368591
0.1727180480957
0.16768193244934
0.15729999542236
0.16169214248657
0.37888503074646
0.1676287651062
0.1700291633606
0.16690587997437
0.37129306793213
0.15772891044617
0.40076994895935
0.18032908439636
0.15583300590515
0.1918830871582
0.18853998184204
0.38695502281189
1.1613190174103
0.19033002853394
0.19689798355103
0.58631491661072
0.15423798561096
0.17515301704407
0.17781686782837
0.17205309867859
0.18059682846069
0.38135099411011
0.46940398216248
0.19233989715576
0.15553116798401
0.16799807548523
0.17106699943542
0.15759897232056
0.17510604858398
0.20703816413879
0.1570360660553
0.18587589263916
0.39866018295288
0.18145394325256
0.1906270980835
0.23858189582825
1.1611351966858
0.15981006622314
0.16965699195862
0.40146589279175
0.15617299079895
0.15597009658813
0.16951990127563
0.16873621940613
0.16783714294434
0.16631293296814
0.17174696922302
0.17165112495422
0.17057394981384
0.16678786277771
0.16826796531677
0.16763496398926
0.17269897460938
0.17489814758301
0.16930389404297
0.15731406211853
0.15791392326355
0.16814994812012
0.16453313827515
0.17382502555847
0.17163491249084
0.17010903358459
0.17405700683594
0.17451095581055
0.17350912094116
0.15827608108521
0.23269295692444
0.16242814064026
0.15489387512207
0.17538905143738
0.17164015769958
0.17360305786133
0.15955710411072
0.15800189971924
0.17814993858337
0.16767001152039
0.19722104072571
0.17444396018982
0.15726900100708
0.18052196502686
0.18516898155212
0.17694592475891
0.17393112182617
0.16368293762207
0.16762399673462
0.16630387306213
0.17300391197205
0.17049503326416
0.17145490646362
0.15676093101501
0.15657901763916
0.15721583366394
0.16926503181458
0.17827701568604
0.16854214668274
0.15783095359802
0.1740779876709
0.17994093894958
0.17167401313782
0.17681694030762
0.17851495742798
0.17295002937317
0.16315078735352
0.16710591316223
0.17288398742676
0.18884110450745
0.17188000679016
0.15579080581665
0.16431999206543
0.16817593574524
0.16794204711914
0.1600980758667
0.15745496749878
0.16231799125671
0.16987895965576
0.47900581359863
0.45932197570801
0.17010998725891
0.15779399871826
0.17824101448059
0.17393589019775
0.16696190834045
0.17688202857971
0.17095804214478
0.17588591575623
0.16029810905457
0.16997313499451
0.1685619354248
0.16441297531128
0.1538360118866
0.15092897415161
0.17448687553406
0.1649329662323
0.17367815971375
0.190181016922
0.16027808189392
0.21961903572083
0.16886878013611
0.18469905853271
0.16932487487793
0.16195487976074
0.16130399703979
0.16722202301025
0.16886901855469
0.17299389839172
0.15439105033875
0.16191506385803
0.1734459400177
0.15391683578491
0.17701601982117
0.18905997276306
0.16090297698975
0.16752004623413
0.16839504241943
0.16194105148315
0.17106699943542
0.17264199256897
0.16266798973083
0.18620085716248
0.15557503700256
0.18323612213135
0.16877412796021
0.23693180084229
0.18033790588379
0.16624116897583
0.1694438457489
0.15932297706604
0.15428304672241
0.15774202346802
0.16983795166016
0.16611886024475
0.15920495986938
0.16034197807312
0.15786194801331
0.18139600753784
0.16502094268799
0.17153382301331
0.17173314094543
0.24159908294678
0.15607213973999
0.17367601394653
0.20383405685425
0.16742396354675
0.16712713241577
0.80687093734741
0.1762969493866
0.17696380615234
0.16510105133057
0.16876196861267
0.1652889251709
0.15386486053467
0.16372108459473
0.17403483390808
0.17037415504456
0.15732097625732
0.154709815979
0.17330718040466
0.17711710929871
0.16677284240723
0.17342901229858
0.17198896408081
0.18625497817993
0.47331500053406
0.15638995170593
0.17722201347351
0.17033100128174
0.46948289871216
0.16957592964172
0.79071402549744
0.17357587814331
0.27951312065125
0.35730409622192
0.33890986442566
0.19561004638672
0.17340207099915
0.2774350643158
0.1654360294342
0.47356915473938
0.16548705101013
0.16941809654236
0.16858220100403
0.16117811203003
0.20560598373413
0.19611787796021
0.17087602615356
0.16992712020874
0.17572212219238
0.16636896133423
0.18280100822449
0.18252611160278
0.16547989845276
0.16763806343079
0.17136812210083
0.17360806465149
0.46785712242126
0.16673016548157
0.16717481613159
0.16410207748413
0.16890597343445
0.17000699043274
0.17038297653198
0.15848588943481
0.20940685272217
0.17124605178833
0.17257499694824
0.46660995483398
0.15301299095154
0.15595483779907
0.17188096046448
0.17105197906494
0.17982292175293
0.17112398147583
0.2086501121521
0.16841912269592
0.18165993690491
0.16703200340271
0.17129111289978
0.17591595649719
0.16768598556519
0.17781209945679
0.16302800178528
0.17492198944092
0.16567707061768
0.17035794258118
0.16941404342651
0.17125201225281
0.16692113876343
0.17379689216614
0.15340304374695
0.17954611778259
0.1675500869751
0.16961598396301
0.23339104652405
0.16795802116394
0.26959490776062
0.1814980506897
0.17744898796082
0.15801787376404
0.16918110847473
0.17340803146362
0.16984105110168
0.17220282554626
0.46087098121643
0.17298793792725
0.1747989654541
0.17448091506958
0.17532682418823
0.18704509735107
0.17594289779663
0.16850996017456
0.19728994369507
0.1735668182373
0.16253185272217
0.16921806335449
0.20858907699585
0.17544198036194
0.16373109817505
0.15851402282715
0.16265392303467
0.15853404998779
0.18142604827881
0.16730403900146
0.17213010787964
0.16687393188477
0.16624188423157
0.16396117210388
0.15813589096069
0.14718198776245
0.16491413116455
0.15626192092896
0.17020487785339
0.16051292419434
0.15832591056824
0.16751909255981
0.17665100097656
0.17126202583313
0.17284488677979
0.15525603294373
0.18420314788818
0.17209696769714
0.17175912857056
0.17079305648804
0.16871190071106
0.16173791885376
0.18890380859375
0.1572060585022
0.18574404716492
0.16840887069702
0.16699314117432
0.17120599746704
0.1661651134491
0.19810700416565
0.15631794929504
0.16472911834717
0.15431499481201
0.17712616920471
0.17113089561462
0.1724259853363
0.19508600234985
0.17194294929504
0.1819179058075
0.16717290878296
0.15721487998962
0.16410803794861
0.1702618598938
0.17076706886292
0.16815900802612
0.16585206985474
0.16137099266052
0.17493987083435
0.16670513153076
0.17519903182983
0.15645408630371
0.16833114624023
0.17388701438904
0.15837597846985
0.16082119941711
0.1732439994812
0.17380285263062
0.15397906303406
0.16844201087952
0.17532801628113
0.17332601547241
0.17036485671997
0.17088603973389
0.1808168888092
0.16353392601013
0.17081594467163
0.15705490112305
0.16785597801208
0.17344403266907
0.16472983360291
0.16827297210693
0.17110300064087
0.17000699043274
0.16456580162048
0.16856002807617
0.17370915412903
0.17984914779663
0.16939091682434
0.16115498542786
0.17340397834778
0.17499709129333
0.15494799613953
0.18632793426514
0.17174315452576
0.16193509101868
0.17623805999756
0.22374892234802
0.1650869846344
0.17069315910339
0.20340800285339
0.17787408828735
0.17206907272339
0.16329312324524
0.16700506210327
0.16927099227905
0.16060280799866
0.17144203186035
0.17290997505188
0.18236398696899
0.17590808868408
0.1835720539093
0.15440702438354
0.22028088569641
0.15553188323975
0.20733213424683
0.1723268032074
0.1568329334259
0.15008187294006
0.15359401702881
0.20793104171753
0.17242693901062
0.16983199119568
0.17358112335205
0.16542100906372
0.17429900169373
0.17432904243469
0.17055106163025
0.17133402824402
0.16439700126648
0.15701413154602
0.16350698471069
0.16432905197144
0.16651391983032
0.1657440662384
0.17289304733276
0.16968417167664
0.1717209815979
0.17065691947937
0.15679097175598
0.15672492980957
0.18125915527344
0.17997813224792
0.16723084449768
0.17052602767944
0.17731595039368
0.17965197563171
0.17021489143372
0.17557907104492
0.73467397689819
0.36012887954712
0.63606691360474
0.2598569393158
0.200767993927
0.38975191116333
0.60935688018799
0.18162798881531
0.41208720207214
0.19435000419617
0.19288086891174
0.22163605690002
0.1593279838562
0.2437379360199
0.17748594284058
0.16917490959167
0.17117094993591
0.15788602828979
0.17299604415894
0.16954398155212
0.18225502967834
0.17280197143555
0.16839599609375
0.4052619934082
0.17073202133179
0.15983510017395
0.17072105407715
0.15856099128723
1.1663639545441
0.34729599952698
0.17860198020935
0.16892194747925
0.17986702919006
0.69441699981689
0.17118501663208
0.16982102394104
0.22469997406006
0.17046284675598
0.16851687431335
0.16380620002747
0.19176387786865
0.15049004554749
0.16633296012878
0.16466689109802
0.17216801643372
0.17311406135559
1.1632180213928
0.17316293716431
0.16864705085754
0.1695830821991
0.18082785606384
0.22849202156067
0.1601619720459
0.17635202407837
0.16706490516663
0.1842999458313
0.16881704330444
0.17408108711243
0.47513294219971
0.17560315132141
0.18123197555542
0.17087006568909
0.19038581848145
0.15889501571655
0.15797710418701
0.16521692276001
0.15731906890869
0.16824913024902
0.16623306274414
0.18747091293335
0.17734789848328
0.15301704406738
0.1688449382782
0.17084002494812
0.18214416503906
0.16082811355591
0.16072511672974
0.1600649356842
0.1812469959259
0.16202998161316
0.16597890853882
0.18501305580139
0.17694401741028
0.16457581520081
0.22578406333923
0.18611907958984
0.47750782966614
0.17021489143372
0.16317987442017
0.16733002662659
0.171382188797
0.17233109474182
0.16503715515137
0.14861702919006
0.16855502128601
0.17012786865234
0.16199398040771
0.14998888969421
0.15977096557617
0.15402793884277
0.16794395446777
0.16298294067383
0.16190600395203
0.15447402000427
0.17175579071045
0.16752314567566
0.41342401504517
0.16967296600342
0.16777205467224
0.16258692741394
0.1695339679718
0.16967296600342
0.15809798240662
0.18368601799011
0.16772413253784
0.19034504890442
0.16629695892334
0.16948509216309
0.17319989204407
0.16808795928955
0.17437100410461
0.18314599990845
0.15636110305786
0.46947693824768
0.16522812843323
0.17556715011597
0.15205001831055
0.1568341255188
0.15844583511353
0.16846108436584
0.16563081741333
0.16672706604004
0.16893720626831
0.1687638759613
0.1727831363678
0.17940902709961
0.15804505348206
0.16702103614807
0.17452001571655
0.16756296157837
0.16757202148438
0.16555595397949
0.16785907745361
0.16426420211792
0.16808891296387
0.16749095916748
0.1722559928894
0.17113995552063
0.17546486854553
0.17739200592041
0.15520811080933
0.16791701316833
0.1660521030426
0.16943788528442
0.20188498497009
0.17029809951782
0.16020607948303
0.17457294464111
0.16078782081604
0.2185959815979
0.1652250289917
0.15478992462158
0.17079997062683
0.16805005073547
0.17093396186829
0.16699600219727
0.16417288780212
0.16553497314453
0.16313099861145
0.16385698318481
0.17119383811951
0.16652393341064
0.1689920425415
0.15786504745483
0.16903305053711
0.16017603874207
0.15630197525024
0.16980695724487
0.15273904800415
0.16866087913513
0.16692304611206
0.16645216941833
0.15447211265564
0.16857004165649
0.1960608959198
0.16984796524048
0.15707492828369
0.16173601150513
0.16941905021667
0.15941905975342
0.16459512710571
0.15920615196228
0.19821000099182
0.15462779998779
0.18003988265991
0.16494703292847
0.16127991676331
0.15656995773315
0.16582703590393
0.21267008781433
0.18292093276978
0.16781902313232
0.16637778282166
0.17034292221069
0.16749000549316
0.19851803779602
0.15901494026184
0.17387008666992
0.18977093696594
0.15862417221069
0.15852999687195
0.16128206253052
0.15637612342834
0.16060781478882
0.15877079963684
0.15257000923157
0.17509484291077
0.16925096511841
0.175950050354
0.16489315032959
0.18613004684448
0.16538906097412
0.16123104095459
0.16839480400085
0.16709899902344
0.17196106910706
0.19299983978271
0.15343308448792
0.17001700401306
0.16341304779053
0.16539907455444
0.16155290603638
0.171471118927
0.16766715049744
0.16301393508911
0.16009092330933
0.17837619781494
0.16560983657837
0.15901112556458
0.18530321121216
0.15694093704224
0.15244793891907
0.16644620895386
0.17111396789551
0.16099214553833
0.16974997520447
0.26627516746521
0.15304589271545
0.15777897834778
0.16883683204651
0.16203904151917
0.17285704612732
0.16508603096008
0.1541121006012
0.15868306159973
0.1631019115448
0.21920895576477
0.17502307891846
0.16639280319214
0.1689989566803
0.19192504882812
0.17862296104431
0.16981387138367
0.15658688545227
0.15661191940308
0.15024709701538
0.16583395004272
0.16987800598145
0.15479302406311
0.45109891891479
0.17040395736694
0.16703486442566
0.17116618156433
0.18963694572449
0.16451787948608
0.1729519367218
0.19226002693176
0.16849803924561
0.17851996421814
0.16231203079224
0.16439294815063
0.15814805030823
0.20464897155762
0.15107703208923
0.1727340221405
0.17147088050842
0.16538500785828
0.21522498130798
0.17795991897583
0.16411089897156
0.15283989906311
0.16521310806274
0.16548681259155
0.16248393058777
0.17921996116638
3.5922241210938
0.1700599193573
0.16346788406372
0.16636085510254
0.17727494239807
0.18008589744568
0.17370200157166
0.17460894584656
0.22288012504578
0.16678094863892
0.16616797447205
0.15248513221741
0.17096018791199
0.17077684402466
0.16658592224121
0.17820191383362
0.15293908119202
0.16857194900513
0.16814494132996
0.17219519615173
0.17222595214844
0.17248201370239
0.17068099975586
0.16930413246155
0.18258810043335
0.16413497924805
0.17838788032532
0.16929006576538
0.14872789382935
0.14998888969421
0.16392111778259
0.17875289916992
0.17183017730713
0.15982794761658
0.15324711799622
0.17474102973938
0.16318798065186
0.11886715888977
0.32614207267761
0.13966012001038
0.13427495956421
0.11984395980835
0.11243510246277
0.35195899009705
0.103520154953
0.11937999725342
0.15019392967224
0.12908792495728
0.12158584594727
0.1105010509491
0.1059410572052
0.10111713409424
0.31064391136169
0.12770986557007
0.11734700202942
0.11724305152893
0.11452198028564
0.10212302207947
0.12425899505615
0.38078498840332
1.1115520000458
0.11540389060974
0.10285997390747
0.31944584846497
0.14521408081055
0.16577792167664
0.11100101470947
0.12634587287903
0.12022590637207
0.11008787155151
0.10513591766357
0.11758208274841
0.34431290626526
0.1685209274292
1.1124219894409
0.17155408859253
0.11014890670776
0.11521577835083
0.10927104949951
0.11989092826843
0.11840915679932
0.11491990089417
0.17141103744507
0.13233709335327
0.14829707145691
0.11387896537781
0.11234307289124
0.118332862854
0.124018907547
0.11477589607239
0.10607314109802
0.12333393096924
0.12361097335815
0.10952091217041
0.12615394592285
0.14788699150085
0.12398910522461
0.11681604385376
0.1362099647522
0.12686610221863
0.11094689369202
0.11883211135864
0.10530781745911
0.12307596206665
0.11005687713623
0.12643694877625
0.15701413154602
0.1272611618042
0.10631489753723
0.11322617530823
0.12252402305603
0.11931800842285
0.11943316459656
0.16883707046509
0.12307691574097
0.12193894386292
0.11722111701965
0.10637497901917
0.1110680103302
0.12242698669434
0.157870054245
0.10196495056152
0.15835309028625
0.10894894599915
0.10810089111328
0.11699199676514
0.11383700370789
0.12004613876343
0.17674708366394
0.10350012779236
0.11755108833313
0.11841106414795
0.10862708091736
0.12430596351624
0.1519341468811
0.098883867263794
0.10481786727905
0.098197937011719
0.11153292655945
0.12274098396301
0.1191930770874
0.15632700920105
0.10340714454651
0.11747002601624
0.11841702461243
0.12268400192261
0.11387801170349
0.1238329410553
0.10378885269165
0.11092090606689
0.1011848449707
0.18074798583984
0.11753606796265
0.10593509674072
0.12508201599121
0.10454678535461
0.11669087409973
0.10604000091553
0.1460108757019
0.11005592346191
0.11540699005127
0.11221599578857
0.10958194732666
0.11358308792114
0.12725305557251
0.12616300582886
0.12598204612732
0.10805487632751
0.11842393875122
0.11964893341064
0.12585020065308
0.11110091209412
0.11182594299316
0.10672307014465
0.1167049407959
0.10327792167664
0.13991594314575
0.11320996284485
0.1171441078186
0.1200590133667
0.12150692939758
0.10911703109741
0.10857701301575
0.14465188980103
0.16821193695068
0.20964097976685
0.11320805549622
0.12006497383118
0.11049103736877
0.11891007423401
0.13745713233948
0.10860109329224
0.10353708267212
0.1778450012207
0.15322709083557
0.11805605888367
0.1238899230957
0.10610294342041
0.15121507644653
0.11531686782837
0.16263008117676
0.15588283538818
0.11789512634277
0.12169814109802
0.13660407066345
0.10432100296021
0.11660099029541
0.12166500091553
0.11523604393005
0.12538504600525
0.13465690612793
0.16820192337036
0.12442708015442
0.11237502098083
0.11369490623474
0.12459707260132
0.10947203636169
0.1457839012146
0.17336988449097
0.15439414978027
0.11493682861328
0.17214107513428
0.11869096755981
0.1261842250824
0.11839509010315
0.10714912414551
0.11524796485901
0.10584592819214
0.10252213478088
0.14543914794922
0.1040370464325
0.11326503753662
0.10193014144897
0.11653113365173
0.10589003562927
0.12372803688049
0.12962913513184
0.11254382133484
0.20380401611328
0.10361003875732
0.11705279350281
0.12819600105286
0.10657906532288
0.1158549785614
0.11998891830444
0.11530208587646
0.10637187957764
0.11664509773254
0.14665198326111
0.1112380027771
0.11086010932922
0.1025071144104
0.11107397079468
0.12293910980225
0.12635588645935
0.17483592033386
0.17545199394226
0.11022782325745
0.13336491584778
0.11309695243835
0.10917186737061
0.11145305633545
0.12697196006775
0.12834501266479
0.12902808189392
0.12203001976013
0.11808109283447
0.11829495429993
0.12102699279785
0.11015105247498
0.10804009437561
0.12482690811157
0.10800695419312
0.10751008987427
0.13067412376404
0.14138102531433
0.12517690658569
0.11283588409424
0.10309910774231
0.11836504936218
0.12346482276917
0.10712003707886
0.11750912666321
0.1270010471344
0.10490703582764
0.10865902900696
0.10302686691284
0.19426012039185
0.10926389694214
0.11146378517151
0.11728596687317
0.13183188438416
0.11315584182739
0.16082382202148
0.12660503387451
0.1244421005249
0.17198300361633
0.12645387649536
0.11309885978699
0.16555690765381
0.14923906326294
0.10356712341309
0.10403895378113
0.12339782714844
0.098636150360107
0.11288189888
0.10436201095581
0.1072199344635
0.1467878818512
0.11469411849976
0.11121106147766
0.15203714370728
0.10902214050293
0.1168110370636
0.1004421710968
0.16193890571594
0.13721394538879
0.11076903343201
0.16851401329041
0.11106109619141
0.11560416221619
0.12129092216492
0.15223693847656
0.16515207290649
0.18499183654785
0.10050082206726
0.12179899215698
0.12329721450806
0.11161804199219
0.13127207756042
0.11586403846741
0.10425782203674
0.10538196563721
0.12074279785156
0.12519288063049
0.1246919631958
0.12132692337036
0.10939002037048
0.10699701309204
0.12353491783142
0.10675001144409
0.11467909812927
0.10251593589783
0.11130809783936
0.13782596588135
0.10406613349915
0.16740918159485
0.11842393875122
0.14848279953003
0.11566591262817
0.12144303321838
0.099558115005493
0.11692714691162
0.11835098266602
0.12054991722107
0.11351799964905
0.10787987709045
0.12070798873901
0.10186910629272
0.11427903175354
0.12160491943359
0.10387086868286
0.11093211174011
0.14024806022644
0.11557197570801
0.12115097045898
0.11159300804138
0.16567897796631
0.11472105979919
0.13912510871887
0.11859202384949
0.10546493530273
0.1218090057373
0.11606597900391
0.11247897148132
0.10730695724487
0.16640996932983
0.1088080406189
0.11019515991211
0.12313890457153
0.11139798164368
0.12070798873901
0.11580801010132
0.099601030349731
0.16468906402588
0.12285304069519
0.1088399887085
0.10733604431152
0.11327600479126
0.12684416770935
0.12087106704712
0.11556196212769
0.110680103302
0.1202278137207
0.10188817977905
0.12427306175232
0.11685991287231
0.10864782333374
0.11199593544006
0.11906814575195
0.11799001693726
0.11879086494446
0.10333585739136
0.11195707321167
0.15756511688232
0.12288212776184
0.11805605888367
0.18673992156982
0.12253999710083
0.10703992843628
0.11397099494934
0.17592597007751
0.12603878974915
0.17489814758301
0.098274946212769
0.11217498779297
0.10571813583374
0.13251304626465
0.11985611915588
0.10355305671692
0.11893105506897
0.11392211914062
0.11721205711365
0.15904188156128
0.12158298492432
0.10248684883118
0.4541540145874
0.12105202674866
0.16661500930786
0.1052029132843
0.1125648021698
0.12906908988953
0.10527205467224
0.12139797210693
0.1149480342865
0.1630380153656
0.12783408164978
0.12263894081116
0.12006688117981
0.12295484542847
0.12747597694397
0.12230396270752
0.1009829044342
0.12028384208679
0.10338497161865
0.11960983276367
0.15331315994263
0.17562580108643
0.1203670501709
0.11761999130249
0.11956286430359
0.11617302894592
0.11034393310547
0.12143683433533
0.10238313674927
0.10997200012207
0.12376809120178
0.32074499130249
0.1186900138855
0.31064414978027
0.096802949905396
0.11996221542358
0.10420989990234
0.11024808883667
0.11239409446716
0.12581396102905
0.12305402755737
0.11970210075378
0.11508917808533
0.11582899093628
0.10782408714294
0.10806918144226
0.12211513519287
0.11229491233826
0.12632894515991
0.13336706161499
0.11928391456604
0.10330104827881
0.16860890388489
0.12508702278137
0.11855721473694
0.11036896705627
0.11717796325684
0.12252998352051
0.12367391586304
0.10938787460327
0.12116694450378
0.11710381507874
0.14391589164734
0.18037605285645
0.10959196090698
0.10523891448975
0.10773992538452
0.10745096206665
0.10776114463806
0.11847901344299
0.10920310020447
0.11537599563599
0.12644791603088
0.13099217414856
0.15575790405273
0.12258100509644
0.12712907791138
0.12016606330872
0.11716294288635
0.12101817131042
0.11048698425293
0.10702514648438
0.11684012413025
0.15538096427917
0.1226658821106
0.11790919303894
0.10411190986633
0.12182807922363
0.12529397010803
0.17103505134583
0.23240399360657
0.17531490325928
0.12088680267334
0.11364006996155
0.10777187347412
0.18357300758362
0.15182900428772
0.11388611793518
0.10859608650208
0.11178088188171
0.103276014328
0.12530016899109
0.12387990951538
0.17199015617371
0.12384605407715
0.10927200317383
0.11800503730774
0.12075996398926
0.10689496994019
0.11581110954285
0.12979292869568
0.10099506378174
0.1059730052948
0.26041507720947
0.1043860912323
0.1200840473175
0.10067701339722
0.13249206542969
0.12686705589294
0.11084914207458
0.11203193664551
0.11725282669067
0.12254786491394
0.10615611076355
0.11166596412659
0.12142992019653
0.10464406013489
0.10632610321045
0.10354781150818
0.12345600128174
0.10886907577515
0.12067794799805
0.16140604019165
0.11950492858887
0.11718106269836
0.12682890892029
0.1191029548645
0.11125802993774
0.10483813285828
0.11672687530518
0.16943907737732
0.12335896492004
0.16160702705383
0.18093109130859
0.13612294197083
0.11576199531555
4.0037620067596
0.10367202758789
0.11361885070801
0.10861992835999
0.13921809196472
0.11287999153137
0.11958718299866
0.1204309463501
0.18651103973389
0.15706396102905
0.11538696289062
0.16349601745605
0.12465810775757
0.099938869476318
0.12161016464233
0.11993885040283
0.12574505805969
0.12607598304749
0.11913394927979
0.10938811302185
0.16305899620056
0.11077785491943
0.11859893798828
0.10667181015015
0.18277406692505
0.11882019042969
0.11709403991699
0.1189181804657
0.10084390640259
0.10989713668823
0.12461400032043
0.11419010162354
0.10855603218079
0.10728788375854
0.11180090904236
0.11250114440918
0.12106513977051
0.11671090126038
0.16864514350891
0.1163330078125
0.1177020072937
0.1372549533844
0.10850691795349
0.11198997497559
0.10650515556335
0.10086607933044
0.11697196960449
0.10143113136292
0.17174696922302
0.10815906524658
0.24715900421143
0.15415000915527
0.11312508583069
0.16872406005859
0.11915802955627
0.20869398117065
0.16369605064392
0.11489391326904
0.10770082473755
0.10641312599182
0.19561004638672
0.10521507263184
0.11672496795654
0.16317105293274
0.10752296447754
0.10569500923157
0.09906005859375
0.11388897895813
0.11215710639954
0.12766098976135
0.10936594009399
0.11497592926025
0.10652589797974
0.12234902381897
0.11304092407227
0.10732316970825
0.10571599006653
0.11087703704834
0.12356901168823
0.10915303230286
0.11981701850891
0.13093709945679
0.12188506126404
0.11124110221863
0.12126421928406
0.10315203666687
0.10105299949646
0.11786794662476
0.1206738948822
0.11738801002502
0.1420590877533
0.11658406257629
0.11295700073242
0.11104583740234
0.10680818557739
0.10045790672302
0.10592412948608
0.11962795257568
0.1598789691925
0.11675190925598
0.21842098236084
3.5480678081512
0.1036319732666
0.10834002494812
0.19596695899963
0.20797300338745
0.16663813591003
0.10497808456421
0.16898608207703
0.16657686233521
0.11612415313721
0.15348792076111
0.12546014785767
0.11065101623535
0.12292695045471
0.12439608573914
0.11207485198975
0.11865305900574
0.12772417068481
0.10989904403687
0.14914798736572
0.11564898490906
0.1260290145874
0.10877680778503
0.12467408180237
0.12659692764282
0.11750793457031
0.11191296577454
0.11437916755676
0.11129593849182
0.12397718429565
0.10262012481689
0.11310291290283
0.10512495040894
0.11724495887756
0.10553002357483
0.11050796508789
0.16701197624207
0.10080218315125
0.11414504051208
0.1239321231842
0.17799115180969
0.17400193214417
0.12313199043274
0.13162279129028
0.21747708320618
0.10228204727173
0.1030261516571
0.11868619918823
0.15407299995422
0.11677813529968
0.10783505439758
0.11366105079651
0.15845704078674
0.1096351146698
0.1139600276947
0.10800409317017
0.15541696548462
0.11027598381042
0.11486196517944
0.12565398216248
0.1034688949585
0.10710000991821
0.11572504043579
0.10711097717285
0.1155891418457
0.11520409584045
0.11997413635254
0.11954283714294
0.11771297454834
0.13117408752441
0.11243176460266
0.10233402252197
0.16481590270996
0.16088485717773
0.10785889625549
0.10695600509644
0.11931896209717
0.10343098640442
0.10961699485779
0.11307883262634
0.10404300689697
0.10770606994629
0.10718202590942
0.10002303123474
0.11770391464233
0.11410808563232
0.15180492401123
0.11629486083984
0.17169618606567
0.20618295669556
0.15535092353821
0.11813902854919
0.11051797866821
0.11445498466492
0.1046199798584
0.1297070980072
0.161297082901
0.15518999099731
0.10739207267761
0.11767101287842
0.11660504341125
0.16531896591187
0.11941599845886
0.12467885017395
0.12118005752563
0.10539293289185
0.16590404510498
0.11809802055359
0.11788010597229
0.12620496749878
0.10900092124939
0.10517001152039
0.11678099632263
0.14022898674011
0.12303709983826
0.10394191741943
0.17506384849548
0.13488602638245
0.11588096618652
0.11985087394714
0.10820508003235
0.16896605491638
0.11891484260559
0.10578083992004
0.11025714874268
0.1146879196167
0.11039900779724
0.12849593162537
0.13086199760437
0.16414403915405
0.1155059337616
0.12442898750305
0.17650198936462
0.14372086524963
0.1150279045105
0.11448001861572
0.1178879737854
0.15790700912476
0.13225197792053
0.10602807998657
0.1141529083252
0.11282515525818
0.13027000427246
0.12734484672546
0.11816310882568
0.1515679359436
0.14010691642761
0.10214304924011
0.10674595832825
0.12288808822632
0.11771607398987
0.11526918411255
0.10455298423767
0.12119293212891
0.10840702056885
0.11496806144714
0.10805797576904
0.11708903312683
0.15995097160339
0.12136006355286
0.10044097900391
0.15006709098816
0.11708116531372
0.11417293548584
0.12747097015381
0.16802406311035
0.11158204078674
0.10952186584473
0.11560010910034
0.11276292800903
0.10496592521667
0.11825084686279
0.10488390922546
0.21918892860413
0.38986992835999
0.11583685874939
0.10932302474976
0.34196400642395
2.1114590167999
0.12079310417175
0.11190104484558
0.15851378440857
0.15642809867859
0.12189102172852
0.12150597572327
0.12377905845642
0.11902213096619
0.33484292030334
0.3414900302887
0.13205313682556
0.13580703735352
0.10679817199707
0.1231849193573
0.11628699302673
0.1327760219574
0.13434195518494
0.10818099975586
0.10844111442566
1.1237320899963
0.12523913383484
0.14426779747009
0.10928702354431
0.11688613891602
0.17051196098328
0.10920405387878
0.1273090839386
0.10296702384949
0.17022705078125
0.11442399024963
0.10377883911133
0.099884986877441
0.47783303260803
0.1046929359436
0.11285591125488
0.13780307769775
0.11094808578491
0.12233996391296
0.10531187057495
0.10528206825256
0.18134808540344
0.10860204696655
0.12424397468567
0.11039900779724
0.098531007766724
0.10971093177795
0.1671929359436
0.10694789886475
0.11975598335266
0.13716912269592
0.16941595077515
0.1159040927887
0.16386604309082
0.10314416885376
0.10705089569092
0.12087297439575
0.12368893623352
0.14458298683167
0.10634899139404
0.15822100639343
0.11095213890076
0.15410709381104
0.1090259552002
0.10091614723206
0.11378812789917
0.12122201919556
0.10242605209351
0.10232996940613
0.111652135849
0.10530805587769
0.11566710472107
0.11309194564819
0.10829901695251
0.10244393348694
0.10770201683044
0.11019897460938
0.13441610336304
0.10629296302795
0.10702991485596
0.10402297973633
0.099651098251343
0.10582399368286
0.10600805282593
0.10483479499817
0.12748193740845
0.10305190086365
0.10233998298645
0.10234308242798
0.10751509666443
0.11043500900269
0.10610413551331
0.10788798332214
0.11461305618286
0.15513896942139
0.10541391372681
0.11152291297913
0.10519480705261
0.10718107223511
0.10166478157043
0.10715508460999
0.16486406326294
0.099995136260986
0.10296607017517
0.10615301132202
0.11064100265503
0.10827088356018
0.10546684265137
0.11202478408813
0.10512018203735
0.10933494567871
0.096159934997559
0.11232495307922
0.10619783401489
0.10184121131897
0.10652589797974
0.10294389724731
0.10387706756592
0.11434412002563
0.15250182151794
0.10544013977051
0.10581111907959
0.10815095901489
0.106693983078
0.10369205474854
0.10149502754211
0.10030698776245
0.13153100013733
0.094665050506592
0.11365818977356
0.10498285293579
0.15193581581116
0.10018610954285
0.11063814163208
0.11170101165771
0.098448038101196
0.12142300605774
0.10649991035461
0.10564112663269
0.10608816146851
0.15727400779724
0.10715699195862
0.098284959793091
0.11125993728638
0.10082697868347
0.10331296920776
0.15971899032593
0.095893859863281
0.10116195678711
0.10573697090149
0.107745885849
0.10625696182251
0.10448288917542
0.15158104896545
0.15723586082458
0.15456914901733
0.10391902923584
0.11349487304688
0.10591983795166
0.11145091056824
0.098887920379639
0.11097502708435
0.13761782646179
0.10047507286072
0.1010639667511
0.11748909950256
0.10273909568787
0.10685110092163
0.097254991531372
0.15217995643616
0.1003589630127
0.15557789802551
0.112389087677
0.13198184967041
0.1213960647583
0.10006308555603
0.1055428981781
0.10436201095581
0.10632705688477
0.11009812355042
0.10594487190247
0.097913980484009
0.10433506965637
0.10707092285156
0.15076804161072
0.10585403442383
0.12115716934204
0.10508704185486
0.12104392051697
0.10620498657227
0.10111784934998
0.10601115226746
0.10840392112732
0.11257886886597
0.10443305969238
0.1124370098114
0.1119749546051
0.10546803474426
0.1072461605072
0.10662698745728
0.11184287071228
0.10441303253174
0.11297297477722
0.10229587554932
0.10990214347839
0.10896897315979
0.17316889762878
0.10755586624146
0.1111741065979
0.10210204124451
0.10230803489685
0.10222792625427
0.1064281463623
0.10791206359863
0.11223793029785
0.11073780059814
0.10149097442627
0.09912109375
0.16301798820496
0.095403909683228
0.10878419876099
0.18802714347839
0.10572195053101
0.10706996917725
0.107586145401
0.1053478717804
0.1122260093689
0.10344386100769
0.1054220199585
0.10141086578369
0.10412788391113
0.099890947341919
0.11041498184204
0.097273826599121
0.10746288299561
0.10087990760803
0.10384583473206
0.10377502441406
0.10713195800781
0.10365295410156
0.13139700889587
0.098687887191772
0.12287616729736
0.11415100097656
0.15361404418945
0.11182999610901
0.11042284965515
0.098084926605225
0.10638499259949
0.15051102638245
0.16189193725586
0.15764498710632
0.098443984985352
0.10903096199036
0.12249207496643
0.10950517654419
0.10155510902405
0.10621190071106
0.1163158416748
0.10338091850281
0.12070107460022
0.15482378005981
0.10335993766785
0.10301184654236
0.10675120353699
0.10197305679321
0.10405993461609
0.10834813117981
0.15517997741699
0.17465901374817
0.10853886604309
0.12856912612915
0.1547679901123
0.10875582695007
0.10464787483215
0.11098599433899
0.1095860004425
0.11198997497559
0.10256791114807
0.1046450138092
0.10647201538086
0.099863052368164
0.099213123321533
0.10170292854309
0.10455417633057
0.10484099388123
0.10021996498108
0.121985912323
0.10265803337097
0.10318398475647
0.11554503440857
0.10796594619751
0.1039879322052
0.10277795791626
0.10248279571533
0.10503792762756
0.11018395423889
0.10376596450806
0.10422396659851
0.10105299949646
0.10106992721558
0.10388112068176
0.10477185249329
0.18885707855225
0.097648859024048
0.15414690971375
0.1019229888916
0.12289214134216
0.10068106651306
0.10636186599731
0.16260600090027
0.10342001914978
0.10061001777649
0.10551810264587
0.15416216850281
0.19573593139648
0.14855194091797
0.10242915153503
0.15628814697266
0.11410403251648
0.11324501037598
0.10432291030884
0.10915017127991
0.11064696311951
0.10554814338684
0.10904908180237
0.10649609565735
0.10531497001648
0.11061000823975
0.10978007316589
0.11370396614075
0.11325693130493
0.10527801513672
0.11061406135559
0.11162686347961
0.10757303237915
0.097316026687622
0.10981011390686
0.1455819606781
0.11168098449707
0.10871601104736
0.10497999191284
0.107666015625
0.10742616653442
0.10140991210938
0.10326194763184
0.1010890007019
0.09967303276062
0.10646390914917
0.10669302940369
0.10328388214111
0.11297297477722
0.10194206237793
0.10642910003662
0.10102701187134
0.10880088806152
0.15169787406921
0.11023902893066
0.10811185836792
0.16131496429443
0.14986300468445
0.13576507568359
0.1020610332489
0.10631012916565
0.10247898101807
0.17259693145752
0.10243105888367
0.10765099525452
0.1066370010376
0.11531901359558
0.10275983810425
0.11991000175476
0.10364007949829
0.11410713195801
0.10857009887695
0.15652990341187
0.099374055862427
0.11109113693237
0.10101819038391
0.11312890052795
0.10964012145996
0.10538911819458
0.10049605369568
0.098629951477051
0.10418605804443
0.10085821151733
0.10318899154663
0.11359477043152
0.11201786994934
0.10831904411316
0.11798286437988
0.13355207443237
0.10874199867249
0.10754489898682
0.11848592758179
0.10496997833252
0.14654803276062
0.11748194694519
0.11856293678284
0.10406613349915
0.11052393913269
0.15560483932495
0.10647106170654
0.13314199447632
0.10499119758606
0.10452508926392
0.10658717155457
0.10962009429932
0.10728311538696
0.11338591575623
0.1532940864563
0.1049017906189
0.11365699768066
0.11201500892639
0.10660099983215
0.1018340587616
0.10479402542114
0.1064031124115
0.10256004333496
0.1073009967804
0.15731906890869
0.14709305763245
0.10792994499207
0.10320401191711
0.10114502906799
0.10586094856262
0.10598993301392
0.16890382766724
0.10930180549622
0.1019299030304
0.10697293281555
0.10272002220154
0.11384391784668
0.15625810623169
0.14797186851501
0.1087749004364
0.11481904983521
0.12574911117554
0.10745215415955
0.10294103622437
0.11565709114075
0.10998797416687
0.11091804504395
0.13290095329285
0.10198593139648
0.10883688926697
0.098664999008179
0.10085988044739
0.1693389415741
0.10363221168518
0.11642408370972
0.1079089641571
0.098611116409302
0.15121507644653
0.11165308952332
0.10689210891724
0.11334204673767
0.15756106376648
0.1033890247345
0.1099259853363
0.10717511177063
0.10392785072327
0.10325789451599
0.10837697982788
0.11077094078064
0.10254096984863
0.10647082328796
0.1109459400177
0.11460185050964
0.10389494895935
0.10312700271606
0.11277008056641
0.10758399963379
0.099001884460449
0.1496000289917
0.10938715934753
0.11079001426697
0.10537981987
0.10414814949036
0.1118221282959
0.10400199890137
0.10426092147827
0.16448712348938
0.15336203575134
0.10977506637573
0.10180902481079
0.10057711601257
0.23065400123596
0.10809898376465
0.10377597808838
0.10362696647644
0.10672616958618
0.10381007194519
0.10444903373718
0.11582899093628
0.30887389183044
0.10853505134583
0.11131811141968
0.10508894920349
0.15781188011169
0.1584780216217
0.10753893852234
0.15430903434753
0.10693001747131
0.10348582267761
0.11352396011353
0.13705706596375
0.10791087150574
0.10519003868103
0.098176002502441
0.10542297363281
0.11082696914673
0.10651803016663
0.10524415969849
0.1285138130188
0.38063597679138
0.19329190254211
0.1420841217041
0.14073514938354
0.18751192092896
0.32750201225281
0.13136601448059
1.3375110626221
0.17547202110291
0.33333301544189
0.11778211593628
0.10549807548523
0.11677694320679
0.77743792533875
0.10661506652832
2.5834310054779
0.16611289978027
0.95916509628296
0.5629141330719
1.3279740810394
0.33998203277588
0.55362582206726
2.5767059326172
0.13432908058167
0.43775987625122
1.3837728500366
0.13629198074341
0.12473797798157
0.12309002876282
0.26893496513367
0.33828186988831
0.53934216499329
0.33671498298645
0.34317302703857
1.1634128093719
0.17508292198181
0.7701940536499
0.64660000801086
0.16194891929626
1.2523748874664
1.3512890338898
1.0124690532684
0.33240795135498
4.0055949687958
0.3545560836792
0.54235911369324
0.12034702301025
0.72815203666687
0.48489999771118
2.2527470588684
0.19126987457275
4.0033268928528
0.11599493026733
0.13403916358948
0.98440599441528
0.1162440776825
1.3347589969635
0.55341792106628
0.32806396484375
1.3457159996033
0.37186002731323
0.13037586212158
0.33330392837524
0.7526159286499
0.40167212486267
0.33843207359314
0.18465805053711
1.1692280769348
0.35180711746216
0.55223703384399
0.14152383804321
0.33516192436218
0.74975681304932
0.32711005210876
0.5447039604187
0.11796689033508
0.59207701683044
0.34056687355042
0.1118471622467
0.13556504249573
1.1230251789093
0.12205195426941
0.12716007232666
0.12312507629395
0.1190619468689
0.12665104866028
0.10864305496216
0.12427091598511
0.11824917793274
0.10352420806885
0.22875618934631
0.12735986709595
0.12137198448181
0.11207294464111
0.12213492393494
0.11610698699951
0.1578209400177
0.10827708244324
0.11990809440613
0.12102198600769
0.11697196960449
0.11020994186401
0.33496499061584
0.11543607711792
0.11961507797241
0.10900592803955
0.11935806274414
0.12240982055664
0.11066603660583
0.12109804153442
0.10200619697571
0.33109784126282
0.10499882698059
0.12456607818604
0.18372106552124
0.098588943481445
0.11912512779236
0.11656904220581
0.15971612930298
1.7535328865051
2.3867452144623
0.14116787910461
0.12204694747925
0.12374091148376
0.33202600479126
0.12082600593567
0.36565899848938
0.10521388053894
0.82103109359741
0.13408899307251
0.1015191078186
1.1057641506195
0.13829588890076
0.40432286262512
0.11410188674927
0.13934087753296
0.11816811561584
0.11069917678833
1.3305540084839
0.12523412704468
0.328537940979
0.1897599697113
0.15679597854614
0.74669981002808
0.17460203170776
0.31794095039368
0.11815214157104
0.35197901725769
0.55508399009705
0.13652300834656
1.336905002594
0.66245198249817
0.76122617721558
0.55124187469482
0.1210298538208
0.1070761680603
0.77528619766235
0.12835788726807
1.1248269081116
0.13161206245422
0.54588484764099
0.12869215011597
0.3556981086731
0.34405517578125
0.33074998855591
1.333153963089
0.099894046783447
0.13477611541748
0.14738202095032
1.1180329322815
0.3278660774231
1.0250308513641
0.32412195205688
0.11691904067993
0.10721516609192
0.55058002471924
0.33627200126648
0.59204983711243
0.14111804962158
0.22244906425476
0.10843110084534
0.12130904197693
0.33206796646118
1.1675469875336
2.8704159259796
1.1185040473938
0.14758110046387
0.11677694320679
0.12890601158142
0.14203381538391
0.56705594062805
0.12262392044067
0.11692810058594
0.33377313613892
0.33031606674194
0.34496116638184
0.12889790534973
0.35471081733704
0.13594102859497
0.34634304046631
0.12126207351685
0.54601693153381
0.14762592315674
0.2208309173584
0.13797497749329
0.12333703041077
0.13390588760376
0.11556601524353
0.16626906394958
0.10577416419983
0.10728406906128
0.11561012268066
0.11863899230957
0.15570902824402
0.10680389404297
0.10640406608582
0.11936283111572
0.10668683052063
0.10494089126587
0.10875296592712
0.12774205207825
0.10838794708252
0.16082882881165
0.10435700416565
0.12221002578735
0.11950302124023
0.11666798591614
0.12723898887634
0.10948991775513
0.10726809501648
0.10145998001099
0.10707402229309
0.11876797676086
0.10973596572876
0.13033890724182
0.10239887237549
0.13847017288208
0.11561489105225
0.18894696235657
0.11315488815308
0.1243839263916
0.11061215400696
0.13861417770386
0.11400413513184
0.10886788368225
0.11399102210999
0.10586905479431
0.10363602638245
0.15601491928101
0.11058807373047
0.1133930683136
0.12504005432129
0.11224484443665
0.11648416519165
0.1141209602356
0.10421705245972
0.1181058883667
0.10605692863464
0.13019800186157
0.10471987724304
0.12070608139038
0.13575601577759
0.12533402442932
0.12244415283203
0.10672688484192
0.11466693878174
0.11962294578552
0.10699796676636
0.11850190162659
0.10880208015442
0.11404204368591
0.10470104217529
0.1055920124054
0.11136293411255
0.13817381858826
0.11686086654663
0.12645888328552
0.10932397842407
0.10878300666809
0.14910507202148
0.12173581123352
0.11689710617065
0.11110687255859
0.11199593544006
0.17612195014954
0.15222406387329
0.18461513519287
0.11743688583374
0.11961483955383
0.1089289188385
0.11713409423828
0.10531902313232
0.11550712585449
0.15704298019409
0.10945010185242
0.1233069896698
0.1189169883728
0.10314297676086
0.11791491508484
0.10967087745667
0.12364888191223
0.12850093841553
0.11529517173767
0.11450600624084
0.11367797851562
0.1175549030304
0.10988688468933
0.13209295272827
0.10193514823914
0.1177670955658
0.11111879348755
0.10533595085144
0.11915588378906
0.16601705551147
0.11858415603638
0.10769295692444
0.11106014251709
0.1310350894928
0.11584711074829
0.15398597717285
0.10578989982605
0.11228799819946
0.099946022033691
0.10031700134277
0.12379813194275
0.12007594108582
0.15785503387451
0.10360884666443
0.11603093147278
0.11004114151001
0.1286449432373
0.11853098869324
0.1101930141449
0.11522603034973
0.11737895011902
0.12188601493835
0.10600399971008
0.10801196098328
0.14749097824097
0.10481786727905
0.11557507514954
0.1631760597229
0.11260199546814
0.11401915550232
0.10779094696045
0.12092900276184
0.13287806510925
4.0024938583374
0.10607004165649
0.11754202842712
0.099402904510498
0.10880184173584
0.14667510986328
0.11993813514709
0.11059308052063
0.10130786895752
0.10905599594116
0.10658288002014
0.13446497917175
0.11171913146973
0.14344811439514
0.11994290351868
0.14709091186523
0.1677360534668
0.10148096084595
0.1054220199585
0.11891293525696
0.11407399177551
0.11850595474243
0.10907101631165
0.12396907806396
0.16666698455811
0.10257697105408
0.46351289749146
0.1050751209259
0.11662888526917
0.12003397941589
0.10598587989807
0.11536407470703
0.11804819107056
0.10383200645447
0.10469317436218
0.17412614822388
0.15523099899292
0.13243889808655
0.12849688529968
0.1063129901886
0.12410378456116
0.11622714996338
0.10316705703735
0.11635780334473
0.107745885849
0.10898804664612
0.1000611782074
0.16602277755737
0.12093091011047
0.1400899887085
0.1133599281311
0.10543298721313
0.1188440322876
0.099492073059082
0.15871000289917
0.11679291725159
0.1134569644928
0.10567808151245
0.099393129348755
0.11483597755432
0.10020112991333
0.11522388458252
0.10185885429382
0.11724710464478
0.16602206230164
0.15550899505615
0.16709494590759
0.11550879478455
0.11295294761658
0.18059301376343
0.14381980895996
0.11574912071228
0.12534880638123
0.11513113975525
0.11629509925842
0.10423588752747
0.10323691368103
0.11375617980957
0.10126399993896
0.11534714698792
0.12190389633179
0.10471320152283
0.11240696907043
0.11193203926086
0.11964297294617
0.13266110420227
0.11814403533936
0.12333607673645
0.15073609352112
0.12035512924194
0.09809684753418
0.12311387062073
0.1724259853363
0.10972309112549
0.10331702232361
0.095787048339844
0.11098790168762
0.10623383522034
0.11128711700439
0.11252593994141
0.11769890785217
0.11579895019531
0.11600923538208
0.11141800880432
0.1079089641571
0.10501503944397
0.10896897315979
0.3287250995636
0.11169981956482
0.11982917785645
0.11457014083862
0.099327802658081
0.12132287025452
0.10891795158386
0.12565803527832
0.13049387931824
0.11069893836975
0.11321187019348
0.13910889625549
0.12398600578308
0.10238099098206
0.1026439666748
0.10230493545532
0.10784912109375
0.1064670085907
0.11217784881592
0.1155149936676
0.11810994148254
0.17014193534851
0.16356897354126
0.11984205245972
0.10186886787415
0.12486410140991
0.11200094223022
0.11935496330261
0.11462903022766
0.124018907547
0.10947608947754
0.13635277748108
0.10718584060669
0.1623809337616
0.10711693763733
0.12080597877502
0.15135788917542
0.10787987709045
0.11853504180908
0.11310005187988
0.10628390312195
0.11068987846375
0.16761183738708
0.14917778968811
0.1126389503479
0.1031711101532
0.099739074707031
0.11903882026672
0.12141799926758
0.096753120422363
0.11647891998291
0.098673820495605
0.16437315940857
0.11519002914429
0.10174703598022
0.16911387443542
0.11929106712341
0.11876392364502
0.1064829826355
0.18365788459778
0.11251997947693
0.12085008621216
0.10423493385315
0.11866903305054
0.10435104370117
0.12149500846863
0.1120719909668
0.11694407463074
0.1104588508606
0.15339303016663
0.12208104133606
0.10266399383545
0.15093421936035
0.13022208213806
0.1092369556427
0.11278605461121
0.12409090995789
0.14146709442139
0.10875797271729
0.10263013839722
0.11232089996338
0.11665797233582
0.11632108688354
0.12985301017761
0.11562895774841
0.17467498779297
0.11317086219788
0.1063129901886
0.14956402778625
0.11610794067383
0.099977016448975
0.10362195968628
0.12032985687256
0.10876393318176
0.11707305908203
0.10322380065918
0.122239112854
0.10248708724976
0.11193203926086
0.10585999488831
0.10357308387756
0.12267708778381
0.1213059425354
0.10703086853027
0.16755795478821
0.11609482765198
0.10630798339844
0.10026502609253
0.10044813156128
0.13650298118591
0.16587686538696
0.10489988327026
0.12657999992371
0.11408710479736
0.098391056060791
0.1163489818573
0.1157009601593
0.12326788902283
0.11880111694336
0.11655616760254
0.10604405403137
0.1159679889679
0.12616896629333
0.15010595321655
0.12585616111755
0.11892008781433
0.1159999370575
0.11959195137024
0.16121506690979
0.12036204338074
0.1448540687561
0.12905621528625
0.4563889503479
0.10380911827087
0.11675977706909
0.11571002006531
0.12332606315613
0.12041401863098
0.12091302871704
0.10449194908142
0.16578006744385
0.11585402488708
0.10961699485779
0.1204400062561
0.33603692054749
0.12752199172974
0.16962003707886
0.11945295333862
0.1317310333252
0.11411309242249
0.16503596305847
0.1451530456543
0.13821005821228
0.13228416442871
0.10706186294556
0.12947416305542
0.10567188262939
0.10320401191711
0.16730284690857
0.15437889099121
0.13834404945374
0.12450695037842
0.16162705421448
0.11719608306885
0.46721005439758
0.12934994697571
0.13100504875183
0.17156410217285
0.12007403373718
0.12436485290527
0.10878705978394
0.12113094329834
0.1179039478302
0.12206196784973
0.10439801216125
0.15933299064636
4.0017991065979
0.11562514305115
0.17145705223083
0.12787318229675
0.11253499984741
0.11412119865417
0.11137080192566
0.11385607719421
0.10983204841614
0.11694097518921
0.11872410774231
0.15056109428406
0.1205849647522
0.10703086853027
0.33721089363098
0.1126549243927
0.16491198539734
0.11918306350708
0.12672114372253
0.34206700325012
0.10383892059326
0.47045803070068
0.10045790672302
0.12930011749268
0.11293816566467
0.11772203445435
0.14879393577576
0.1162748336792
0.11456704139709
0.11937189102173
0.1176130771637
0.12082314491272
0.13482213020325
0.1303448677063
0.33087682723999
0.10832118988037
0.47710490226746
0.12288403511047
0.11136698722839
0.11448693275452
0.11882495880127
0.13310313224792
0.1045138835907
0.14589214324951
